&INPUT
  asr = 'crystal'
  flfrc = 'pdh_fcc_prim.fc'
  flfrq = 'pdh_fcc_prim.freq'
  q_in_band_form = .true.
/
10
  0.00000000  0.00000000  0.00000000  30
  0.00000000  0.50000000  0.50000000  30
  0.25000000  0.75000000  0.50000000  30
  0.37500000  0.75000000  0.37500000  30
  0.00000000  0.00000000  0.00000000  30
  0.50000000  0.50000000  0.50000000  30
  0.62500000  0.62500000  0.25000000  30
  0.25000000  0.75000000  0.50000000  30
  0.50000000  0.50000000  0.50000000  30
  0.37500000  0.75000000  0.37500000   1
